nblocks = 1000 
nparts = 1000 
//parts
0.06302402 0.0 -0.01712209 187217.41687601 0.0 11226.81768015 
0.06289815 0.0 -0.01500559 187229.42148422 0.0 11024.80601343 
0.06274573 0.0 -0.01237652 187249.20556039 0.0 10683.52160814 
0.06260628 0.0 -0.00989168 187268.87606264 0.0 10332.98965388 
0.06247120 0.0 -0.00740082 187288.13254873 0.0 9977.87669599 
0.06234088 0.0 -0.00490973 187306.90864800 0.0 9618.97030247 
0.06221569 0.0 -0.00242417 187325.54206955 0.0 9248.99482636 
0.06208849 0.0 0.00020630 187344.04186703 0.0 8866.37433656 
0.06197343 0.0 0.00269236 187362.27359676 0.0 8472.36977489 
0.06186361 0.0 0.00517896 187379.71736743 0.0 8077.38424570 
0.06175914 0.0 0.00766549 187396.91179103 0.0 7668.12024790 
0.06165443 0.0 0.01029688 187413.77888308 0.0 7244.17709015 
0.06156114 0.0 0.01278393 187429.90207780 0.0 6814.28089072 
0.06147337 0.0 0.01527682 187445.03962949 0.0 6384.33514540 
0.06139137 0.0 0.01777006 187459.54565843 0.0 5943.17747380 
0.06131557 0.0 0.02025756 187473.64291940 0.0 5480.49518556 
0.06124195 0.0 0.02289010 187486.96491313 0.0 5004.05881382 
0.06117873 0.0 0.02537802 187499.20511505 0.0 4522.24481584 
0.06112178 0.0 0.02787181 187510.21701194 0.0 4039.94221317 
0.06107133 0.0 0.03036584 187520.27042176 0.0 3542.71052995 
0.06102776 0.0 0.03285414 187529.34690663 0.0 3024.34550326 
0.06098898 0.0 0.03548750 187537.08071287 0.0 2499.19479940 
0.06095933 0.0 0.03797600 187543.45142369 0.0 1963.78334826 
0.06093682 0.0 0.04047042 187548.34435083 0.0 1421.67092311 
0.06092155 0.0 0.04296481 187551.70503009 0.0 872.09933952 
0.06091375 0.0 0.04545353 187553.48697154 0.0 303.54862084 
0.06091358 0.0 0.04808706 187553.52118413 0.0 -281.61744329 
0.06092120 0.0 0.05057578 187551.72218861 0.0 -868.40142612 
0.06093657 0.0 0.05306483 187548.12958635 0.0 -1449.72604688 
0.06095981 0.0 0.05555330 187542.49099561 0.0 -2053.45759874 
0.06099295 0.0 0.05818664 187534.74676465 0.0 -2668.59005229 
0.06103244 0.0 0.06067506 187524.97679480 0.0 -3284.15819672 
0.06108017 0.0 0.06316919 187513.31200273 0.0 -3893.64080498 
0.06113601 0.0 0.06566297 187499.66645631 0.0 -4503.07625113 
0.06119988 0.0 0.06815090 187483.72638031 0.0 -5123.95935822 
0.06127622 0.0 0.07078332 187465.67294887 0.0 -5746.65840087 
0.06135651 0.0 0.07327074 187445.99084460 0.0 -6356.34590282 
0.06144500 0.0 0.07576364 187425.03196495 0.0 -6946.94248473 
0.06154126 0.0 0.07825638 187402.65504182 0.0 -7526.45336307 
0.06164495 0.0 0.08074289 187378.90616433 0.0 -8096.18068033 
0.06176252 0.0 0.08337379 187354.27261218 0.0 -8647.49390930 
0.06188075 0.0 0.08585973 187329.64365283 0.0 -9165.54558416 
0.06200553 0.0 0.08834556 187306.08558861 0.0 -9634.98409038 
0.06213634 0.0 0.09083091 187283.08211404 0.0 -10072.22769873 
0.06228054 0.0 0.09346052 187262.09687725 0.0 -10455.12745427 
0.06242144 0.0 0.09594512 187244.01430891 0.0 -10774.12281510 
0.06256611 0.0 0.09843004 187230.13564239 0.0 -11012.67107850 
0.06271436 0.0 0.10093146 187221.27337287 0.0 -11162.32115600 
0.06287995 0.0 0.10370060 187218.44471108 0.0 -11209.66444254 
0.06299392 0.0 0.10585414 187466.29512221 0.0 -5726.32605625 
0.06302402 0.0 -0.01712209 634158.32066135 0.0 38028.40550422 
0.06289815 0.0 -0.01500559 634198.98366327 0.0 37344.13487675 
0.06274573 0.0 -0.01237652 634265.99792257 0.0 36188.10810883 
0.06260628 0.0 -0.00989168 634332.62747487 0.0 35000.75727813 
0.06247120 0.0 -0.00740082 634397.85463741 0.0 33797.88929300 
0.06234088 0.0 -0.00490973 634461.45459399 0.0 32582.17186890 
0.06221569 0.0 -0.00242417 634524.57126079 0.0 31328.96033264 
0.06208849 0.0 0.00020630 634587.23530505 0.0 30032.91656008 
0.06197343 0.0 0.00269236 634648.99132810 0.0 28698.31171759 
0.06186361 0.0 0.00517896 634708.07831102 0.0 27360.38406074 
0.06175914 0.0 0.00766549 634766.32068491 0.0 25974.09119398 
0.06165443 0.0 0.01029688 634823.45429433 0.0 24538.07586237 
0.06156114 0.0 0.01278393 634878.06811315 0.0 23081.89589559 
0.06147337 0.0 0.01527682 634929.34328039 0.0 21625.54810288 
0.06139137 0.0 0.01777006 634978.47930152 0.0 20131.22234602 
0.06131557 0.0 0.02025756 635026.23070998 0.0 18563.98662722 
0.06124195 0.0 0.02289010 635071.35606911 0.0 16950.16193906 
0.06117873 0.0 0.02537802 635112.81709353 0.0 15318.12171049 
0.06112178 0.0 0.02787181 635150.11750155 0.0 13684.42643970 
0.06107133 0.0 0.03036584 635184.17124290 0.0 12000.16215238 
0.06102776 0.0 0.03285414 635214.91586323 0.0 10244.31325594 
0.06098898 0.0 0.03548750 635241.11245144 0.0 8465.47935251 
0.06095933 0.0 0.03797600 635262.69185012 0.0 6651.88939714 
0.06093682 0.0 0.04047042 635279.26557764 0.0 4815.60134830 
0.06092155 0.0 0.04296481 635290.64914841 0.0 2954.04702100 
0.06091375 0.0 0.04545353 635296.68508792 0.0 1028.20499741 
0.06091358 0.0 0.04808706 635296.80097562 0.0 -953.91789871 
0.06092120 0.0 0.05057578 635290.70726919 0.0 -2941.52114284 
0.06093657 0.0 0.05306483 635278.53810965 0.0 -4910.63198419 
0.06095981 0.0 0.05555330 635259.43860869 0.0 -6955.64143601 
0.06099295 0.0 0.05818664 635233.20670899 0.0 -9039.26896510 
0.06103244 0.0 0.06067506 635200.11305894 0.0 -11124.37230238 
0.06108017 0.0 0.06316919 635160.60111036 0.0 -13188.86220817 
0.06113601 0.0 0.06566297 635114.37978680 0.0 -15253.19236255 
0.06119988 0.0 0.06815090 635060.38624284 0.0 -17356.29898097 
0.06127622 0.0 0.07078332 634999.23416654 0.0 -19465.55668656 
0.06135651 0.0 0.07327074 634932.56531489 0.0 -21530.74062518 
0.06144500 0.0 0.07576364 634861.57166408 0.0 -23531.25822031 
0.06154126 0.0 0.07825638 634785.77469907 0.0 -25494.22540330 
0.06164495 0.0 0.08074289 634705.33053679 0.0 -27424.05289893 
0.06176252 0.0 0.08337379 634621.88973130 0.0 -29291.50667152 
0.06188075 0.0 0.08585973 634538.46448293 0.0 -31046.29415674 
0.06200553 0.0 0.08834556 634458.66665915 0.0 -32636.41509594 
0.06213634 0.0 0.09083091 634380.74738729 0.0 -34117.48281397 
0.06228054 0.0 0.09346052 634309.66445738 0.0 -35414.47253858 
0.06242144 0.0 0.09594512 634248.41368614 0.0 -36495.00001140 
0.06256611 0.0 0.09843004 634201.40271888 0.0 -37303.03042136 
0.06271436 0.0 0.10093146 634171.38370652 0.0 -37809.93754261 
0.06287995 0.0 0.10370060 634161.80222931 0.0 -37970.30263892 
0.06299392 0.0 0.10585414 635001.34164354 0.0 -19396.68528700 
0.06302402 0.0 -0.01712209 877076.50187787 0.0 52595.41629423 
0.06289815 0.0 -0.01500559 877132.74108867 0.0 51649.03166326 
0.06274573 0.0 -0.01237652 877225.42556543 0.0 50050.18184823 
0.06260628 0.0 -0.00989168 877317.57797082 0.0 48408.00909867 
0.06247120 0.0 -0.00740082 877407.79079258 0.0 46744.37525482 
0.06234088 0.0 -0.00490973 877495.75309729 0.0 45062.96991665 
0.06221569 0.0 -0.00242417 877583.04698515 0.0 43329.70811983 
0.06208849 0.0 0.00020630 877669.71487066 0.0 41537.20693948 
0.06197343 0.0 0.00269236 877755.12691195 0.0 39691.37363807 
0.06186361 0.0 0.00517896 877836.84752113 0.0 37840.94469816 
0.06175914 0.0 0.00766549 877917.39998870 0.0 35923.62396210 
0.06165443 0.0 0.01029688 877996.41897285 0.0 33937.53427021 
0.06156114 0.0 0.01278393 878071.95294536 0.0 31923.55575766 
0.06147337 0.0 0.01527682 878142.86937561 0.0 29909.34513243 
0.06139137 0.0 0.01777006 878210.82724690 0.0 27842.60885414 
0.06131557 0.0 0.02025756 878276.87012124 0.0 25675.03401190 
0.06124195 0.0 0.02289010 878339.28102219 0.0 23443.02401373 
0.06117873 0.0 0.02537802 878396.62394284 0.0 21185.82090221 
0.06112178 0.0 0.02787181 878448.21249781 0.0 18926.32877453 
0.06107133 0.0 0.03036584 878495.31073081 0.0 16596.89686261 
0.06102776 0.0 0.03285414 878537.83226395 0.0 14168.45942396 
0.06098898 0.0 0.03548750 878574.06361376 0.0 11708.23243236 
0.06095933 0.0 0.03797600 878603.90913165 0.0 9199.93587285 
0.06093682 0.0 0.04047042 878626.83152576 0.0 6660.24657786 
0.06092155 0.0 0.04296481 878642.57564219 0.0 4085.61260358 
0.06091375 0.0 0.04545353 878650.92368484 0.0 1422.06514203 
0.06091358 0.0 0.04808706 878651.08396402 0.0 -1319.32192076 
0.06092120 0.0 0.05057578 878642.65602647 0.0 -4068.28861202 
0.06093657 0.0 0.05306483 878625.82539675 0.0 -6791.67927374 
0.06095981 0.0 0.05555330 878599.40971641 0.0 -9620.04196783 
0.06099295 0.0 0.05818664 878563.12952884 0.0 -12501.81562733 
0.06103244 0.0 0.06067506 878517.35915592 0.0 -15385.63041227 
0.06108017 0.0 0.06316919 878462.71191640 0.0 -18240.93566608 
0.06113601 0.0 0.06566297 878398.78523522 0.0 -21096.01997474 
0.06119988 0.0 0.06815090 878324.10913760 0.0 -24004.73430657 
0.06127622 0.0 0.07078332 878239.53238853 0.0 -26921.95593673 
0.06135651 0.0 0.07327074 878147.32562992 0.0 -29778.22107684 
0.06144500 0.0 0.07576364 878049.13743167 0.0 -32545.04903938 
0.06154126 0.0 0.07825638 877944.30598067 0.0 -35259.94267724 
0.06164495 0.0 0.08074289 877833.04719536 0.0 -37929.00227001 
0.06176252 0.0 0.08337379 877717.64388453 0.0 -40511.79550778 
0.06188075 0.0 0.08585973 877602.26209007 0.0 -42938.76495520 
0.06200553 0.0 0.08834556 877491.89722713 0.0 -45137.99133997 
0.06213634 0.0 0.09083091 877384.13050680 0.0 -47186.39100745 
0.06228054 0.0 0.09346052 877285.81883055 0.0 -48980.20049251 
0.06242144 0.0 0.09594512 877201.10558084 0.0 -50474.63055070 
0.06256611 0.0 0.09843004 877136.08677818 0.0 -51592.18189756 
0.06271436 0.0 0.10093146 877094.56880152 0.0 -52293.26285825 
0.06287995 0.0 0.10370060 877081.31708150 0.0 -52515.05677487 
0.06299392 0.0 0.10585414 878242.44714733 0.0 -26826.70293091 
0.06302402 0.0 -0.01712209 1066006.38113879 0.0 63924.92475657 
0.06289815 0.0 -0.01500559 1066074.73476297 0.0 62774.68067471 
0.06274573 0.0 -0.01237652 1066187.38427922 0.0 60831.42475387 
0.06260628 0.0 -0.00989168 1066299.38711133 0.0 58835.51376297 
0.06247120 0.0 -0.00740082 1066409.03255668 0.0 56813.51877208 
0.06234088 0.0 -0.00490973 1066515.94270410 0.0 54769.92415298 
0.06221569 0.0 -0.00242417 1066622.04045190 0.0 52663.30274466 
0.06208849 0.0 0.00020630 1066727.37735102 0.0 50484.68127622 
0.06197343 0.0 0.00269236 1066831.18788618 0.0 48241.23948567 
0.06186361 0.0 0.00517896 1066930.51182277 0.0 45992.21211627 
0.06175914 0.0 0.00766549 1067028.41598992 0.0 43661.88387813 
0.06165443 0.0 0.01029688 1067124.45634804 0.0 41247.97325513 
0.06156114 0.0 0.01278393 1067216.26099280 0.0 38800.16631781 
0.06147337 0.0 0.01527682 1067302.45343670 0.0 36352.07726873 
0.06139137 0.0 0.01777006 1067385.05002238 0.0 33840.14808573 
0.06131557 0.0 0.02025756 1067465.31910419 0.0 31205.65883824 
0.06124195 0.0 0.02289010 1067541.17385405 0.0 28492.85454384 
0.06117873 0.0 0.02537802 1067610.86893675 0.0 25749.43032115 
0.06112178 0.0 0.02787181 1067673.57011353 0.0 23003.22400838 
0.06107133 0.0 0.03036584 1067730.81371406 0.0 20172.01227574 
0.06102776 0.0 0.03285414 1067782.49475393 0.0 17220.46836794 
0.06098898 0.0 0.03548750 1067826.53065048 0.0 14230.28716198 
0.06095933 0.0 0.03797600 1067862.80515157 0.0 11181.68178663 
0.06093682 0.0 0.04047042 1067890.66522802 0.0 8094.92140851 
0.06092155 0.0 0.04296481 1067909.80076356 0.0 4965.68896436 
0.06091375 0.0 0.04545353 1067919.94704693 0.0 1728.39029726 
0.06091358 0.0 0.04808706 1067920.14185165 0.0 -1603.51529575 
0.06092120 0.0 0.05057578 1067909.89846331 0.0 -4944.63323489 
0.06093657 0.0 0.05306483 1067889.44237010 0.0 -8254.66584609 
0.06095981 0.0 0.05555330 1067857.33652329 0.0 -11692.28237511 
0.06099295 0.0 0.05818664 1067813.24126891 0.0 -15194.81505435 
0.06103244 0.0 0.06067506 1067757.61156102 0.0 -18699.82853515 
0.06108017 0.0 0.06316919 1067691.19283253 0.0 -22170.19128474 
0.06113601 0.0 0.06566297 1067613.49579024 0.0 -25640.28549568 
0.06119988 0.0 0.06815090 1067522.73381404 0.0 -29175.56210154 
0.06127622 0.0 0.07078332 1067419.93850028 0.0 -32721.17855152 
0.06135651 0.0 0.07327074 1067307.86960680 0.0 -36192.70795525 
0.06144500 0.0 0.07576364 1067188.53081976 0.0 -39555.53463828 
0.06154126 0.0 0.07825638 1067061.11776573 0.0 -42855.23989305 
0.06164495 0.0 0.08074289 1066925.89287389 0.0 -46099.23805220 
0.06176252 0.0 0.08337379 1066785.63068983 0.0 -49238.38733591 
0.06188075 0.0 0.08585973 1066645.39465694 0.0 -52188.14703445 
0.06200553 0.0 0.08834556 1066511.25624611 0.0 -54861.10584102 
0.06213634 0.0 0.09083091 1066380.27564030 0.0 -57350.74854834 
0.06228054 0.0 0.09346052 1066260.78677702 0.0 -59530.96014166 
0.06242144 0.0 0.09594512 1066157.82555920 0.0 -61347.30338513 
0.06256611 0.0 0.09843004 1066078.80114298 0.0 -62705.58497682 
0.06271436 0.0 0.10093146 1066028.33983436 0.0 -63557.68485202 
0.06287995 0.0 0.10370060 1066012.23357901 0.0 -63827.25510035 
0.06299392 0.0 0.10585414 1067423.48112339 0.0 -32605.40722279 
0.06302402 0.0 -0.01712209 1226163.12907823 0.0 73529.00240792 
0.06289815 0.0 -0.01500559 1226241.75214765 0.0 72205.94570997 
0.06274573 0.0 -0.01237652 1226371.32612186 0.0 69970.73511212 
0.06260628 0.0 -0.00989168 1226500.15625413 0.0 67674.95854899 
0.06247120 0.0 -0.00740082 1226626.27482597 0.0 65349.17912696 
0.06234088 0.0 -0.00490973 1226749.24714885 0.0 62998.55494960 
0.06221569 0.0 -0.00242417 1226871.28501722 0.0 60575.43484121 
0.06208849 0.0 0.00020630 1226992.44772705 0.0 58069.49738709 
0.06197343 0.0 0.00269236 1227111.85475207 0.0 55489.00100877 
0.06186361 0.0 0.00517896 1227226.10111217 0.0 52902.07987448 
0.06175914 0.0 0.00766549 1227338.71439673 0.0 50221.64323282 
0.06165443 0.0 0.01029688 1227449.18385367 0.0 47445.06679277 
0.06156114 0.0 0.01278393 1227554.78122390 0.0 44629.50145774 
0.06147337 0.0 0.01527682 1227653.92321646 0.0 41813.61162651 
0.06139137 0.0 0.01777006 1227748.92910924 0.0 38924.29032268 
0.06131557 0.0 0.02025756 1227841.25781408 0.0 35893.99553610 
0.06124195 0.0 0.02289010 1227928.50897795 0.0 32773.61965368 
0.06117873 0.0 0.02537802 1228008.67504655 0.0 29618.02350642 
0.06112178 0.0 0.02787181 1228080.79644514 0.0 26459.22728799 
0.06107133 0.0 0.03036584 1228146.64032150 0.0 23202.65443946 
0.06102776 0.0 0.03285414 1228206.08591834 0.0 19807.67071551 
0.06098898 0.0 0.03548750 1228256.73776588 0.0 16368.24482756 
0.06095933 0.0 0.03797600 1228298.46214628 0.0 12861.61712579 
0.06093682 0.0 0.04047042 1228330.50791929 0.0 9311.10201545 
0.06092155 0.0 0.04296481 1228352.51837678 0.0 5711.73383790 
0.06091375 0.0 0.04545353 1228364.18903729 0.0 1988.06357322 
0.06091358 0.0 0.04808706 1228364.41310946 0.0 -1844.42735743 
0.06092120 0.0 0.05057578 1228352.63075494 0.0 -5687.51469663 
0.06093657 0.0 0.05306483 1228329.10133926 0.0 -9494.84644972 
0.06095981 0.0 0.05555330 1228292.17191155 0.0 -13448.93032236 
0.06099295 0.0 0.05818664 1228241.45178826 0.0 -17477.68334455 
0.06103244 0.0 0.06067506 1228177.46427571 0.0 -21509.28988379 
0.06108017 0.0 0.06316919 1228101.06680061 0.0 -25501.03976762 
0.06113601 0.0 0.06566297 1228011.69655838 0.0 -29492.48076757 
0.06119988 0.0 0.06815090 1227907.29850720 0.0 -33558.89716235 
0.06127622 0.0 0.07078332 1227789.05923040 0.0 -37637.20685893 
0.06135651 0.0 0.07327074 1227660.15311170 0.0 -41630.29867496 
0.06144500 0.0 0.07576364 1227522.88487097 0.0 -45498.35627871 
0.06154126 0.0 0.07825638 1227376.32928578 0.0 -49293.80909383 
0.06164495 0.0 0.08074289 1227220.78821263 0.0 -53025.18538194 
0.06176252 0.0 0.08337379 1227059.45304472 0.0 -56635.96030454 
0.06188075 0.0 0.08585973 1226898.14795692 0.0 -60028.89175972 
0.06200553 0.0 0.08834556 1226743.85659763 0.0 -63103.43577011 
0.06213634 0.0 0.09083091 1226593.19747185 0.0 -65967.12227922 
0.06228054 0.0 0.09346052 1226455.75660744 0.0 -68474.88875850 
0.06242144 0.0 0.09594512 1226337.32650115 0.0 -70564.11932438 
0.06256611 0.0 0.09843004 1226246.42946041 0.0 -72126.46907772 
0.06271436 0.0 0.10093146 1226188.38684718 0.0 -73106.58839759 
0.06287995 0.0 0.10370060 1226169.86078879 0.0 -73416.65886719 
0.06299392 0.0 0.10585414 1227793.13409704 0.0 -37504.04205128 
0.06302402 0.0 -0.01712209 1367692.37535098 0.0 82016.04955784 
0.06289815 0.0 -0.01500559 1367780.07344761 0.0 80540.27972344 
0.06274573 0.0 -0.01237652 1367924.60343091 0.0 78047.07109607 
0.06260628 0.0 -0.00989168 1368068.30371470 0.0 75486.30570814 
0.06247120 0.0 -0.00740082 1368208.97945760 0.0 72892.07439680 
0.06234088 0.0 -0.00490973 1368346.14579737 0.0 70270.13063708 
0.06221569 0.0 -0.00242417 1368482.26982371 0.0 67567.32314090 
0.06208849 0.0 0.00020630 1368617.41767678 0.0 64772.13914962 
0.06197343 0.0 0.00269236 1368750.60719603 0.0 61893.79030879 
0.06186361 0.0 0.00517896 1368878.04038327 0.0 59008.27513785 
0.06175914 0.0 0.00766549 1369003.65199807 0.0 56018.45048037 
0.06165443 0.0 0.01029688 1369126.87233506 0.0 52921.38913789 
0.06156114 0.0 0.01278393 1369244.65822724 0.0 49780.83862737 
0.06147337 0.0 0.01527682 1369355.24363312 0.0 46639.92616582 
0.06139137 0.0 0.01777006 1369461.21553204 0.0 43417.10644186 
0.06131557 0.0 0.02025756 1369564.20122998 0.0 40037.04144367 
0.06124195 0.0 0.02289010 1369661.52331440 0.0 36556.49778565 
0.06117873 0.0 0.02537802 1369750.94251009 0.0 33036.66858189 
0.06112178 0.0 0.02787181 1369831.38848389 0.0 29513.26994041 
0.06107133 0.0 0.03036584 1369904.83235569 0.0 25880.80885176 
0.06102776 0.0 0.03285414 1369971.13942986 0.0 22093.96088384 
0.06098898 0.0 0.03548750 1370027.63774076 0.0 18257.54103808 
0.06095933 0.0 0.03797600 1370074.17813623 0.0 14346.16264383 
0.06093682 0.0 0.04047042 1370109.92277605 0.0 10385.83115953 
0.06092155 0.0 0.04296481 1370134.47377923 0.0 6371.00776795 
0.06091375 0.0 0.04545353 1370147.49151971 0.0 2217.53478499 
0.06091358 0.0 0.04808706 1370147.74145529 0.0 -2057.31943313 
0.06092120 0.0 0.05057578 1370134.59912859 0.0 -6343.99314480 
0.06093657 0.0 0.05306483 1370108.35384224 0.0 -10590.78420028 
0.06095981 0.0 0.05555330 1370067.16185441 0.0 -15001.26616297 
0.06099295 0.0 0.05818664 1370010.58738706 0.0 -19495.03592324 
0.06103244 0.0 0.06067506 1369939.21414890 0.0 -23991.98856631 
0.06108017 0.0 0.06316919 1369853.99853467 0.0 -28444.48412008 
0.06113601 0.0 0.06566297 1369754.31277836 0.0 -32896.63513721 
0.06119988 0.0 0.06815090 1369637.86463602 0.0 -37432.41554542 
0.06127622 0.0 0.07078332 1369505.97765172 0.0 -41981.46203366 
0.06135651 0.0 0.07327074 1369362.19261081 0.0 -46435.45441146 
0.06144500 0.0 0.07576364 1369209.08025424 0.0 -50749.98056757 
0.06154126 0.0 0.07825638 1369045.60856628 0.0 -54983.52156480 
0.06164495 0.0 0.08074289 1368872.11424504 0.0 -59145.59003496 
0.06176252 0.0 0.08337379 1368692.15704865 0.0 -63173.13678926 
0.06188075 0.0 0.08585973 1368512.23340435 0.0 -66957.69560634 
0.06200553 0.0 0.08834556 1368340.13304456 0.0 -70387.11727216 
0.06213634 0.0 0.09083091 1368172.08416695 0.0 -73581.34331845 
0.06228054 0.0 0.09346052 1368018.77926171 0.0 -76378.56744918 
0.06242144 0.0 0.09594512 1367886.67942153 0.0 -78708.94637475 
0.06256611 0.0 0.09843004 1367785.29063677 0.0 -80451.62954194 
0.06271436 0.0 0.10093146 1367720.54848487 0.0 -81544.87862841 
0.06287995 0.0 0.10370060 1367699.88406576 0.0 -81890.73882191 
0.06299392 0.0 0.10585414 1369510.52285774 0.0 -41832.92674682 
0.06302402 0.0 -0.01712209 1495890.65378306 0.0 89703.68205957 
0.06289815 0.0 -0.01500559 1495986.57210904 0.0 88089.58349311 
0.06274573 0.0 -0.01237652 1496144.64936026 0.0 85362.67826878 
0.06260628 0.0 -0.00989168 1496301.81914152 0.0 82561.88396783 
0.06247120 0.0 -0.00740082 1496455.68088179 0.0 79724.48687305 
0.06234088 0.0 -0.00490973 1496605.70427109 0.0 76856.77975147 
0.06221569 0.0 -0.00242417 1496754.58764752 0.0 73900.62927102 
0.06208849 0.0 0.00020630 1496902.40335077 0.0 70843.44354453 
0.06197343 0.0 0.00269236 1497048.07715915 0.0 67695.29765520 
0.06186361 0.0 0.00517896 1497187.45507572 0.0 64539.31371221 
0.06175914 0.0 0.00766549 1497324.84067790 0.0 61269.24301342 
0.06165443 0.0 0.01029688 1497459.61085999 0.0 57881.88398453 
0.06156114 0.0 0.01278393 1497588.43720898 0.0 54446.95940566 
0.06147337 0.0 0.01527682 1497709.38814654 0.0 51011.63894892 
0.06139137 0.0 0.01777006 1497825.29313806 0.0 47486.73379423 
0.06131557 0.0 0.02025756 1497937.93202221 0.0 43789.84425159 
0.06124195 0.0 0.02289010 1498044.37642382 0.0 39983.05785580 
0.06117873 0.0 0.02537802 1498142.17717311 0.0 36133.30355161 
0.06112178 0.0 0.02787181 1498230.16361108 0.0 32279.64523463 
0.06107133 0.0 0.03036584 1498310.49161712 0.0 28306.70169070 
0.06102776 0.0 0.03285414 1498383.01387017 0.0 24164.90008048 
0.06098898 0.0 0.03548750 1498444.80795249 0.0 19968.88005822 
0.06095933 0.0 0.03797600 1498495.71073141 0.0 15690.87537762 
0.06093682 0.0 0.04047042 1498534.80583320 0.0 11359.32907377 
0.06092155 0.0 0.04296481 1498561.65808218 0.0 6968.18315801 
0.06091375 0.0 0.04545353 1498575.89601804 0.0 2425.39157130 
0.06091358 0.0 0.04808706 1498576.16938090 0.0 -2250.15871064 
0.06092120 0.0 0.05057578 1498561.79518094 0.0 -6938.63636590 
0.06093657 0.0 0.05306483 1498533.08983809 0.0 -11583.49303320 
0.06095981 0.0 0.05555330 1498488.03679054 0.0 -16407.38389167 
0.06099295 0.0 0.05818664 1498426.15941338 0.0 -21322.36938534 
0.06103244 0.0 0.06067506 1498348.09612824 0.0 -26240.83610381 
0.06108017 0.0 0.06316919 1498254.89297584 0.0 -31110.67862464 
0.06113601 0.0 0.06566297 1498145.86334765 0.0 -35980.14431428 
0.06119988 0.0 0.06815090 1498018.50014016 0.0 -40941.07825128 
0.06127622 0.0 0.07078332 1497874.25095758 0.0 -45916.52174136 
0.06135651 0.0 0.07327074 1497716.98847463 0.0 -50788.00138843 
0.06144500 0.0 0.07576364 1497549.52439624 0.0 -55506.94218883 
0.06154126 0.0 0.07825638 1497370.72997244 0.0 -60137.30682658 
0.06164495 0.0 0.08074289 1497180.97346118 0.0 -64689.49958362 
0.06176252 0.0 0.08337379 1496984.14828834 0.0 -69094.56146449 
0.06188075 0.0 0.08585973 1496787.35981255 0.0 -73233.85935428 
0.06200553 0.0 0.08834556 1496599.12792330 0.0 -76984.73192639 
0.06213634 0.0 0.09083091 1496415.32727490 0.0 -80478.36322450 
0.06228054 0.0 0.09346052 1496247.65259961 0.0 -83537.78031939 
0.06242144 0.0 0.09594512 1496103.17060948 0.0 -86086.59328153 
0.06256611 0.0 0.09843004 1495992.27832240 0.0 -87992.62384023 
0.06271436 0.0 0.10093146 1495921.46767691 0.0 -89188.34673828 
0.06287995 0.0 0.10370060 1495898.86631422 0.0 -89566.62553862 
0.06299392 0.0 0.10585414 1497879.22220062 0.0 -45754.06375641 
0.06302402 0.0 -0.01712209 1613937.81248157 0.0 96782.58502961 
0.06289815 0.0 -0.01500559 1614041.30013478 0.0 95041.11101017 
0.06274573 0.0 -0.01237652 1614211.85194108 0.0 92099.01397824 
0.06260628 0.0 -0.00989168 1614381.42466508 0.0 89077.19696518 
0.06247120 0.0 -0.00740082 1614547.42829634 0.0 86015.88867455 
0.06234088 0.0 -0.00490973 1614709.29067589 0.0 82921.87846269 
0.06221569 0.0 -0.00242417 1614869.92307923 0.0 79732.44544650 
0.06208849 0.0 0.00020630 1615029.40355473 0.0 76434.00405889 
0.06197343 0.0 0.00269236 1615186.57310923 0.0 73037.42445119 
0.06186361 0.0 0.00517896 1615336.94993604 0.0 69632.38825533 
0.06175914 0.0 0.00766549 1615485.17722638 0.0 66104.26222760 
0.06165443 0.0 0.01029688 1615630.58270259 0.0 62449.59214369 
0.06156114 0.0 0.01278393 1615769.57529229 0.0 58743.60290788 
0.06147337 0.0 0.01527682 1615900.07098801 0.0 55037.18655378 
0.06139137 0.0 0.01777006 1616025.12254040 0.0 51234.11598831 
0.06131557 0.0 0.02025756 1616146.65024286 0.0 47245.48900790 
0.06124195 0.0 0.02289010 1616261.49462955 0.0 43138.29274147 
0.06117873 0.0 0.02537802 1616367.01325618 0.0 38984.73778437 
0.06112178 0.0 0.02787181 1616461.94308200 0.0 34826.97073205 
0.06107133 0.0 0.03036584 1616548.61011614 0.0 30540.50514301 
0.06102776 0.0 0.03285414 1616626.85541177 0.0 26071.85617217 
0.06098898 0.0 0.03548750 1616693.52593063 0.0 21544.71018143 
0.06095933 0.0 0.03797600 1616748.44566654 0.0 16929.10977072 
0.06093682 0.0 0.04047042 1616790.62593079 0.0 12255.74253721 
0.06092155 0.0 0.04296481 1616819.59720611 0.0 7518.07243034 
0.06091375 0.0 0.04545353 1616834.95871866 0.0 2616.78964107 
0.06091358 0.0 0.04808706 1616835.25365376 0.0 -2427.72840247 
0.06092120 0.0 0.05057578 1616819.74512393 0.0 -7486.19397392 
0.06093657 0.0 0.05306483 1616788.77451914 0.0 -12497.59623781 
0.06095981 0.0 0.05555330 1616740.16614203 0.0 -17702.16105014 
0.06099295 0.0 0.05818664 1616673.40575518 0.0 -23005.00916673 
0.06103244 0.0 0.06067506 1616589.18216080 0.0 -28311.61322651 
0.06108017 0.0 0.06316919 1616488.62394720 0.0 -33565.75594432 
0.06113601 0.0 0.06566297 1616370.99032258 0.0 -38819.49209356 
0.06119988 0.0 0.06815090 1616233.57633716 0.0 -44171.91464255 
0.06127622 0.0 0.07078332 1616077.94383181 0.0 -49539.99175581 
0.06135651 0.0 0.07327074 1615908.27109064 0.0 -54795.90079252 
0.06144500 0.0 0.07576364 1615727.59170230 0.0 -59887.23348677 
0.06154126 0.0 0.07825638 1615534.68784232 0.0 -64883.00009280 
0.06164495 0.0 0.08074289 1615329.95682945 0.0 -69794.42593914 
0.06176252 0.0 0.08337379 1615117.59933655 0.0 -74547.11017972 
0.06188075 0.0 0.08585973 1614905.28143662 0.0 -79013.05785080 
0.06200553 0.0 0.08834556 1614702.19536023 0.0 -83059.92789348 
0.06213634 0.0 0.09083091 1614503.89021296 0.0 -86829.25664798 
0.06228054 0.0 0.09346052 1614322.98360861 0.0 -90130.10549084 
0.06242144 0.0 0.09594512 1614167.09992386 0.0 -92880.05623500 
0.06256611 0.0 0.09843004 1614047.45664996 0.0 -94936.49985449 
0.06271436 0.0 0.10093146 1613971.05803218 0.0 -96226.58238395 
0.06287995 0.0 0.10370060 1613946.67309885 0.0 -96634.71278972 
0.06299392 0.0 0.10585414 1616083.30737699 0.0 -49364.71351326 
0.06302402 0.0 -0.01712209 1723920.43814095 0.0 103377.88426440 
0.06289815 0.0 -0.01500559 1724030.97801373 0.0 101517.73659862 
0.06274573 0.0 -0.01237652 1724213.15216094 0.0 98375.14884517 
0.06260628 0.0 -0.00989168 1724394.28050578 0.0 95147.40855130 
0.06247120 0.0 -0.00740082 1724571.59654023 0.0 91877.48582637 
0.06234088 0.0 -0.00490973 1724744.48911521 0.0 88572.63269089 
0.06221569 0.0 -0.00242417 1724916.06789663 0.0 85165.85411481 
0.06208849 0.0 0.00020630 1725086.41625148 0.0 81642.63873555 
0.06197343 0.0 0.00269236 1725254.29620644 0.0 78014.59745650 
0.06186361 0.0 0.00517896 1725414.92053976 0.0 74377.52331074 
0.06175914 0.0 0.00766549 1725573.24885535 0.0 70608.97131294 
0.06165443 0.0 0.01029688 1725728.56306282 0.0 66705.25184891 
0.06156114 0.0 0.01278393 1725877.02737432 0.0 62746.71606288 
0.06147337 0.0 0.01527682 1726016.41576661 0.0 58787.72405236 
0.06139137 0.0 0.01777006 1726149.98902161 0.0 54725.49127932 
0.06131557 0.0 0.02025756 1726279.79829212 0.0 50465.05725363 
0.06124195 0.0 0.02289010 1726402.46880885 0.0 46077.97397669 
0.06117873 0.0 0.02537802 1726515.17805677 0.0 41641.37287217 
0.06112178 0.0 0.02787181 1726616.57692460 0.0 37200.27263703 
0.06107133 0.0 0.03036584 1726709.14992853 0.0 32621.70363692 
0.06102776 0.0 0.03285414 1726792.72729024 0.0 27848.53627437 
0.06098898 0.0 0.03548750 1726863.94110603 0.0 23012.88558231 
0.06095933 0.0 0.03797600 1726922.60337571 0.0 18082.75269813 
0.06093682 0.0 0.04047042 1726967.65803584 0.0 13090.91644120 
0.06092155 0.0 0.04296481 1726998.60357369 0.0 8030.39535839 
0.06091375 0.0 0.04545353 1727015.01190444 0.0 2795.11212245 
0.06091358 0.0 0.04808706 1727015.32693804 0.0 -2593.16720812 
0.06092120 0.0 0.05057578 1726998.76157143 0.0 -7996.34452809 
0.06093657 0.0 0.05306483 1726965.68045879 0.0 -13349.25138712 
0.06095981 0.0 0.05555330 1726913.75963873 0.0 -18908.48395619 
0.06099295 0.0 0.05818664 1726842.44983083 0.0 -24572.69739604 
0.06103244 0.0 0.06067506 1726752.48677612 0.0 -30240.92272978 
0.06108017 0.0 0.06316919 1726645.07597113 0.0 -35853.11171630 
0.06113601 0.0 0.06566297 1726519.42614242 0.0 -41464.86642843 
0.06119988 0.0 0.06815090 1726372.64801001 0.0 -47182.03257598 
0.06127622 0.0 0.07078332 1726206.40984720 0.0 -52915.92007617 
0.06135651 0.0 0.07327074 1726025.17466947 0.0 -58529.99574830 
0.06144500 0.0 0.07576364 1725832.18279091 0.0 -63968.27993813 
0.06154126 0.0 0.07825638 1725626.13339777 0.0 -69304.48563932 
0.06164495 0.0 0.08074289 1725407.45088431 0.0 -74550.60313618 
0.06176252 0.0 0.08337379 1725180.62218040 0.0 -79627.16149860 
0.06188075 0.0 0.08585973 1724953.83576754 0.0 -84397.44347991 
0.06200553 0.0 0.08834556 1724736.91028560 0.0 -88720.08957143 
0.06213634 0.0 0.09083091 1724525.09153166 0.0 -92746.28118036 
0.06228054 0.0 0.09346052 1724331.85695335 0.0 -96272.06807217 
0.06242144 0.0 0.09594512 1724165.35049440 0.0 -99209.41562984 
0.06256611 0.0 0.09843004 1724037.55406781 0.0 -101405.99666172 
0.06271436 0.0 0.10093146 1723955.94922678 0.0 -102783.99253133 
0.06287995 0.0 0.10370060 1723929.90256958 0.0 -103219.93519437 
0.06299392 0.0 0.10585414 1726212.13889395 0.0 -52728.69740726 
0.06302402 0.0 -0.01712209 1827295.29401309 0.0 109576.93710336 
0.06289815 0.0 -0.01500559 1827412.46240721 0.0 107605.24571863 
0.06274573 0.0 -0.01237652 1827605.56062365 0.0 104274.21275106 
0.06260628 0.0 -0.00989168 1827797.55032620 0.0 100852.92107263 
0.06247120 0.0 -0.00740082 1827985.49911324 0.0 97386.91749448 
0.06234088 0.0 -0.00490973 1828168.75918815 0.0 93883.88890438 
0.06221569 0.0 -0.00242417 1828350.62668789 0.0 90272.82291659 
0.06208849 0.0 0.00020630 1828531.18997856 0.0 86538.33799497 
0.06197343 0.0 0.00269236 1828709.13685179 0.0 82692.74129050 
0.06186361 0.0 0.00517896 1828879.39302016 0.0 78837.57006363 
0.06175914 0.0 0.00766549 1829047.21549015 0.0 74843.03691787 
0.06165443 0.0 0.01029688 1829211.84311107 0.0 70705.23099136 
0.06156114 0.0 0.01278393 1829369.21008215 0.0 66509.32168315 
0.06147337 0.0 0.01527682 1829516.95689671 0.0 62312.92879297 
0.06139137 0.0 0.01777006 1829658.53986937 0.0 58007.10430993 
0.06131557 0.0 0.02025756 1829796.13315028 0.0 53491.19343993 
0.06124195 0.0 0.02289010 1829926.15960218 0.0 48841.03879879 
0.06117873 0.0 0.02537802 1830045.62745799 0.0 44138.39699448 
0.06112178 0.0 0.02787181 1830153.10670697 0.0 39430.98626927 
0.06107133 0.0 0.03036584 1830251.23084930 0.0 34577.86346725 
0.06102776 0.0 0.03285414 1830339.81992589 0.0 29518.47321573 
0.06098898 0.0 0.03548750 1830415.30407678 0.0 24392.85282304 
0.06095933 0.0 0.03797600 1830477.48402833 0.0 19167.08461542 
0.06093682 0.0 0.04047042 1830525.24039029 0.0 13875.91299348 
0.06092155 0.0 0.04296481 1830558.04157672 0.0 8511.93786140 
0.06091375 0.0 0.04545353 1830575.43383271 0.0 2962.72096704 
0.06091358 0.0 0.04808706 1830575.76775729 0.0 -2748.66642981 
0.06092120 0.0 0.05057578 1830558.20904880 0.0 -8475.84517372 
0.06093657 0.0 0.05306483 1830523.14422787 0.0 -14149.73898946 
0.06095981 0.0 0.05555330 1830468.10997683 0.0 -20042.33083247 
0.06099295 0.0 0.05818664 1830392.52407768 0.0 -26046.19872215 
0.06103244 0.0 0.06067506 1830297.16639013 0.0 -32054.31907886 
0.06108017 0.0 0.06316919 1830183.31469828 0.0 -38003.04286987 
0.06113601 0.0 0.06566297 1830050.13028001 0.0 -43951.30634523 
0.06119988 0.0 0.06815090 1829894.55059971 0.0 -50011.30225072 
0.06127622 0.0 0.07078332 1829718.34396868 0.0 -56089.02220443 
0.06135651 0.0 0.07327074 1829526.24102701 0.0 -62039.74581612 
0.06144500 0.0 0.07576364 1829321.67639416 0.0 -67804.13661265 
0.06154126 0.0 0.07825638 1829103.27125314 0.0 -73460.32778595 
0.06164495 0.0 0.08074289 1828871.47544697 0.0 -79021.02861747 
0.06176252 0.0 0.08337379 1828631.04496419 0.0 -84402.00270432 
0.06188075 0.0 0.08585973 1828390.65930845 0.0 -89458.33455277 
0.06200553 0.0 0.08834556 1828160.72589417 0.0 -94040.18803392 
0.06213634 0.0 0.09083091 1827936.20543273 0.0 -98307.81014514 
0.06228054 0.0 0.09346052 1827731.38354665 0.0 -102045.02078001 
0.06242144 0.0 0.09594512 1827554.89253109 0.0 -105158.50632741 
0.06256611 0.0 0.09843004 1827419.43279425 0.0 -107486.80529856 
0.06271436 0.0 0.10093146 1827332.93452049 0.0 -108947.43266396 
0.06287995 0.0 0.10370060 1827305.32597600 0.0 -109409.51662038 
0.06299392 0.0 0.10585414 1829724.41655760 0.0 -55890.57273178 
0.06302402 0.0 -0.01712209 1925127.14021819 0.0 115443.59373705 
0.06289815 0.0 -0.01500559 1925250.58170914 0.0 113366.33966141 
0.06274573 0.0 -0.01237652 1925454.01824095 0.0 109856.96600306 
0.06260628 0.0 -0.00989168 1925656.28690996 0.0 106252.50125874 
0.06247120 0.0 -0.00740082 1925854.29831626 0.0 102600.93077734 
0.06234088 0.0 -0.00490973 1926047.36998076 0.0 98910.35299616 
0.06221569 0.0 -0.00242417 1926238.97451278 0.0 95105.95358629 
0.06208849 0.0 0.00020630 1926429.20500948 0.0 91171.52749713 
0.06197343 0.0 0.00269236 1926616.67900795 0.0 87120.04079415 
0.06186361 0.0 0.00517896 1926796.05054774 0.0 83058.46695694 
0.06175914 0.0 0.00766549 1926972.85809098 0.0 78850.06988143 
0.06165443 0.0 0.01029688 1927146.29973564 0.0 74490.72932154 
0.06156114 0.0 0.01278393 1927312.09200139 0.0 70070.17457400 
0.06147337 0.0 0.01527682 1927467.74905557 0.0 65649.11035390 
0.06139137 0.0 0.01777006 1927616.91226097 0.0 61112.75566592 
0.06131557 0.0 0.02025756 1927761.87216989 0.0 56355.06674333 
0.06124195 0.0 0.02289010 1927898.86012818 0.0 51455.94675150 
0.06117873 0.0 0.02537802 1928024.72419204 0.0 46501.52947813 
0.06112178 0.0 0.02787181 1928137.95778921 0.0 41542.08795986 
0.06107133 0.0 0.03036584 1928241.33541522 0.0 36429.13306331 
0.06102776 0.0 0.03285414 1928334.66747613 0.0 31098.86733227 
0.06098898 0.0 0.03548750 1928414.19298468 0.0 25698.82555427 
0.06095933 0.0 0.03797600 1928479.70199830 0.0 20193.27413194 
0.06093682 0.0 0.04047042 1928530.01519553 0.0 14618.81765174 
0.06092155 0.0 0.04296481 1928564.57252976 0.0 8967.65982298 
0.06091375 0.0 0.04545353 1928582.89595245 0.0 3121.34254449 
0.06091358 0.0 0.04808706 1928583.24775507 0.0 -2895.82770819 
0.06092120 0.0 0.05057578 1928564.74896816 0.0 -8929.63476329 
0.06093657 0.0 0.05306483 1928527.80680634 0.0 -14907.30406019 
0.06095981 0.0 0.05555330 1928469.82606800 0.0 -21115.38029197 
0.06099295 0.0 0.05818664 1928390.19336367 0.0 -27440.69019595 
0.06103244 0.0 0.06067506 1928289.73030609 0.0 -33770.48024045 
0.06108017 0.0 0.06316919 1928169.78309085 0.0 -40037.69367730 
0.06113601 0.0 0.06566297 1928029.46809135 0.0 -46304.42215359 
0.06119988 0.0 0.06815090 1927865.55880642 0.0 -52688.86511992 
0.06127622 0.0 0.07078332 1927679.91822123 0.0 -59091.98106503 
0.06135651 0.0 0.07327074 1927477.53025037 0.0 -65361.30139128 
0.06144500 0.0 0.07576364 1927262.01339991 0.0 -71434.31280087 
0.06154126 0.0 0.07825638 1927031.91503216 0.0 -77393.33167080 
0.06164495 0.0 0.08074289 1926787.70907437 0.0 -83251.74772675 
0.06176252 0.0 0.08337379 1926534.40614668 0.0 -88920.81461996 
0.06188075 0.0 0.08585973 1926281.15044602 0.0 -94247.85820361 
0.06200553 0.0 0.08834556 1926038.90659100 0.0 -99075.02024904 
0.06213634 0.0 0.09083091 1925802.36549375 0.0 -103571.12724249 
0.06228054 0.0 0.09346052 1925586.57761694 0.0 -107508.42497727 
0.06242144 0.0 0.09594512 1925400.63742152 0.0 -110788.60391038 
0.06256611 0.0 0.09843004 1925257.92528481 0.0 -113241.55804131 
0.06271436 0.0 0.10093146 1925166.79596656 0.0 -114780.38616181 
0.06287995 0.0 0.10370060 1925137.70928392 0.0 -115267.20970286 
0.06299392 0.0 0.10585414 1927686.31593143 0.0 -58882.90677529 
0.06302402 0.0 -0.01712209 2018222.21781621 0.0 121026.20181140 
0.06289815 0.0 -0.01500559 2018351.62867663 0.0 118848.49612126 
0.06274573 0.0 -0.01237652 2018564.90296892 0.0 115169.41657377 
0.06260628 0.0 -0.00989168 2018776.95292305 0.0 111390.64753647 
0.06247120 0.0 -0.00740082 2018984.53974224 0.0 107562.49482826 
0.06234088 0.0 -0.00490973 2019186.94794416 0.0 103693.44850973 
0.06221569 0.0 -0.00242417 2019387.81806618 0.0 99705.07638923 
0.06208849 0.0 0.00020630 2019587.24770743 0.0 95580.38977420 
0.06197343 0.0 0.00269236 2019783.78755204 0.0 91332.98174160 
0.06186361 0.0 0.00517896 2019971.83312019 0.0 87074.99878228 
0.06175914 0.0 0.00766549 2020157.19070234 0.0 82663.09252334 
0.06165443 0.0 0.01029688 2020339.01961817 0.0 78092.94347231 
0.06156114 0.0 0.01278393 2020512.82924731 0.0 73458.62004495 
0.06147337 0.0 0.01527682 2020676.01354747 0.0 68823.76250801 
0.06139137 0.0 0.01777006 2020832.38997007 0.0 64068.03929997 
0.06131557 0.0 0.02025756 2020984.35983365 0.0 59080.27860176 
0.06124195 0.0 0.02289010 2021127.97223992 0.0 53944.24752688 
0.06117873 0.0 0.02537802 2021259.92282376 0.0 48750.24511085 
0.06112178 0.0 0.02787181 2021378.63215824 0.0 43550.97548808 
0.06107133 0.0 0.03036584 2021487.00890764 0.0 38190.76890465 
0.06102776 0.0 0.03285414 2021584.85430965 0.0 32602.74279433 
0.06098898 0.0 0.03548750 2021668.22550363 0.0 26941.56641495 
0.06095933 0.0 0.03797600 2021736.90239462 0.0 21169.77816795 
0.06093682 0.0 0.04047042 2021789.64863168 0.0 15325.75276020 
0.06092155 0.0 0.04296481 2021825.87708552 0.0 9401.31688887 
0.06091375 0.0 0.04545353 2021845.08659018 0.0 3272.28406950 
0.06091358 0.0 0.04808706 2021845.45540523 0.0 -3035.86381259 
0.06092120 0.0 0.05057578 2021826.06205610 0.0 -9361.45301770 
0.06093657 0.0 0.05306483 2021787.33344946 0.0 -15628.18976133 
0.06095981 0.0 0.05555330 2021726.54888522 0.0 -22136.47543199 
0.06099295 0.0 0.05818664 2021643.06531170 0.0 -28767.66394733 
0.06103244 0.0 0.06067506 2021537.74407310 0.0 -35403.54925331 
0.06108017 0.0 0.06316919 2021411.99646417 0.0 -41973.83187922 
0.06113601 0.0 0.06566297 2021264.89612801 0.0 -48543.60609291 
0.06119988 0.0 0.06815090 2021093.06053666 0.0 -55236.78722045 
0.06127622 0.0 0.07078332 2020898.44276533 0.0 -61949.54431254 
0.06135651 0.0 0.07327074 2020686.26774017 0.0 -68522.03571256 
0.06144500 0.0 0.07576364 2020460.32895056 0.0 -74888.72511184 
0.06154126 0.0 0.07825638 2020219.10351231 0.0 -81135.90953329 
0.06164495 0.0 0.08074289 2019963.08827080 0.0 -87277.62620141 
0.06176252 0.0 0.08337379 2019697.53614917 0.0 -93220.83718168 
0.06188075 0.0 0.08585973 2019432.03353837 0.0 -98805.48532839 
0.06200553 0.0 0.08834556 2019178.07528277 0.0 -103866.07872275 
0.06213634 0.0 0.09083091 2018930.09555825 0.0 -108579.60794287 
0.06228054 0.0 0.09346052 2018703.87263602 0.0 -112707.30507023 
0.06242144 0.0 0.09594512 2018508.94076595 0.0 -116146.10652023 
0.06256611 0.0 0.09843004 2018359.32737209 0.0 -118717.68032588 
0.06271436 0.0 0.10093146 2018263.79123271 0.0 -120330.92292025 
0.06287995 0.0 0.10370060 2018233.29797960 0.0 -120841.28821831 
0.06299392 0.0 0.10585414 2020905.14985527 0.0 -61730.35963226 
0.06302402 0.0 -0.01712209 2107208.42228985 0.0 126362.41416998 
0.06289815 0.0 -0.01500559 2107343.53905380 0.0 124088.69042884 
0.06274573 0.0 -0.01237652 2107566.21690415 0.0 120247.39518379 
0.06260628 0.0 -0.00989168 2107787.61643357 0.0 116302.01500167 
0.06247120 0.0 -0.00740082 2108004.35604226 0.0 112305.07375440 
0.06234088 0.0 -0.00490973 2108215.68870130 0.0 108265.43584106 
0.06221569 0.0 -0.00242417 2108425.41546438 0.0 104101.21088637 
0.06208849 0.0 0.00020630 2108633.63823390 0.0 99794.66114285 
0.06197343 0.0 0.00269236 2108838.84379165 0.0 95359.97902500 
0.06186361 0.0 0.00517896 2109035.18054856 0.0 90914.25571731 
0.06175914 0.0 0.00766549 2109228.71080246 0.0 86307.82241918 
0.06165443 0.0 0.01029688 2109418.55680627 0.0 81536.16918573 
0.06156114 0.0 0.01278393 2109600.02994197 0.0 76697.51203908 
0.06147337 0.0 0.01527682 2109770.40926326 0.0 71858.29723324 
0.06139137 0.0 0.01777006 2109933.68053826 0.0 66892.88762194 
0.06131557 0.0 0.02025756 2110092.35096298 0.0 61685.20966713 
0.06124195 0.0 0.02289010 2110242.29543855 0.0 56322.72389000 
0.06117873 0.0 0.02537802 2110380.06390584 0.0 50899.71073524 
0.06112178 0.0 0.02787181 2110504.00729880 0.0 45471.19813531 
0.06107133 0.0 0.03036584 2110617.16252873 0.0 39874.65264191 
0.06102776 0.0 0.03285414 2110719.32206963 0.0 34040.24274408 
0.06098898 0.0 0.03548750 2110806.36921467 0.0 28129.45728083 
0.06095933 0.0 0.03797600 2110878.07416462 0.0 22103.18291996 
0.06093682 0.0 0.04047042 2110933.14605611 0.0 16001.48636218 
0.06092155 0.0 0.04296481 2110970.97187251 0.0 9815.83393244 
0.06091375 0.0 0.04545353 2110991.02835075 0.0 3416.56359271 
0.06091358 0.0 0.04808706 2110991.41342737 0.0 -3169.71924021 
0.06092120 0.0 0.05057578 2110971.16499869 0.0 -9774.21240814 
0.06093657 0.0 0.05306483 2110930.72879430 0.0 -16317.25822831 
0.06095981 0.0 0.05555330 2110867.26415469 0.0 -23112.50320125 
0.06099295 0.0 0.05818664 2110780.09967514 0.0 -30036.06997499 
0.06103244 0.0 0.06067506 2110670.13467769 0.0 -36964.54062737 
0.06108017 0.0 0.06316919 2110538.84268305 0.0 -43824.51608692 
0.06113601 0.0 0.06566297 2110385.25648994 0.0 -50683.96071766 
0.06119988 0.0 0.06815090 2110205.84443009 0.0 -57672.25344348 
0.06127622 0.0 0.07078332 2110002.64569248 0.0 -64680.98526517 
0.06135651 0.0 0.07327074 2109781.11557747 0.0 -71543.26688673 
0.06144500 0.0 0.07576364 2109545.21483464 0.0 -78190.67241315 
0.06154126 0.0 0.07825638 2109293.35343372 0.0 -84713.30382226 
0.06164495 0.0 0.08074289 2109026.05012669 0.0 -91125.81725915 
0.06176252 0.0 0.08337379 2108748.78944532 0.0 -97331.07261831 
0.06188075 0.0 0.08585973 2108471.58045779 0.0 -103161.95561344 
0.06200553 0.0 0.08834556 2108206.42483202 0.0 -108445.67755855 
0.06213634 0.0 0.09083091 2107947.51133902 0.0 -113367.03279072 
0.06228054 0.0 0.09346052 2107711.31393577 0.0 -117676.72578422 
0.06242144 0.0 0.09594512 2107507.78725037 0.0 -121267.14873866 
0.06256611 0.0 0.09843004 2107351.57719538 0.0 -123952.10678440 
0.06271436 0.0 0.10093146 2107251.82873569 0.0 -125636.47947243 
0.06287995 0.0 0.10370060 2107219.99099294 0.0 -126169.34748122 
0.06299392 0.0 0.10585414 2110009.64850728 0.0 -64452.13642967 
0.06302402 0.0 -0.01712209 2192586.08712442 0.0 131482.23417951 
0.06289815 0.0 -0.01500559 2192726.67840796 0.0 129116.38608017 
0.06274573 0.0 -0.01237652 2192958.37848633 0.0 125119.45325581 
0.06260628 0.0 -0.00989168 2193188.74845010 0.0 121014.21828985 
0.06247120 0.0 -0.00740082 2193414.26968736 0.0 116855.33316149 
0.06234088 0.0 -0.00490973 2193634.16490183 0.0 112652.02142824 
0.06221569 0.0 -0.00242417 2193852.38915433 0.0 108319.07476633 
0.06208849 0.0 0.00020630 2194069.04847604 0.0 103838.03674880 
0.06197343 0.0 0.00269236 2194282.56833775 0.0 99223.67482353 
0.06186361 0.0 0.00517896 2194486.86006184 0.0 94597.82435306 
0.06175914 0.0 0.00766549 2194688.23157196 0.0 89804.75241298 
0.06165443 0.0 0.01029688 2194885.76955741 0.0 84839.76632923 
0.06156114 0.0 0.01278393 2195074.59543163 0.0 79805.06153786 
0.06147337 0.0 0.01527682 2195251.87800390 0.0 74769.77649265 
0.06139137 0.0 0.01777006 2195421.76453349 0.0 69603.18361298 
0.06131557 0.0 0.02025756 2195586.86380036 0.0 64184.50641467 
0.06124195 0.0 0.02289010 2195742.88356922 0.0 58604.74905276 
0.06117873 0.0 0.02537802 2195886.23399504 0.0 52962.01192831 
0.06112178 0.0 0.02787181 2196015.19919664 0.0 47313.55253792 
0.06107133 0.0 0.03036584 2196132.93913172 0.0 41490.25207320 
0.06102776 0.0 0.03285414 2196239.23786594 0.0 35419.44966312 
0.06098898 0.0 0.03548750 2196329.81189608 0.0 29269.17718242 
0.06095933 0.0 0.03797600 2196404.42211213 0.0 22998.73654586 
0.06093682 0.0 0.04047042 2196461.72534886 0.0 16649.81783477 
0.06092155 0.0 0.04296481 2196501.08375208 0.0 10213.54161559 
0.06091375 0.0 0.04545353 2196521.95285772 0.0 3554.99233958 
0.06091358 0.0 0.04808706 2196522.35353647 0.0 -3298.14660603 
0.06092120 0.0 0.05057578 2196501.28470316 0.0 -10170.23371395 
0.06093657 0.0 0.05306483 2196459.21014697 0.0 -16978.38381479 
0.06095981 0.0 0.05555330 2196393.17411353 0.0 -24048.95140966 
0.06099295 0.0 0.05818664 2196302.47799485 0.0 -31253.04001371 
0.06103244 0.0 0.06067506 2196188.05755075 0.0 -38462.23118663 
0.06108017 0.0 0.06316919 2196051.44600452 0.0 -45600.15195019 
0.06113601 0.0 0.06566297 2195891.63696683 0.0 -52737.52037738 
0.06119988 0.0 0.06815090 2195704.95567696 0.0 -60008.95743188 
0.06127622 0.0 0.07078332 2195493.52394563 0.0 -67301.66171214 
0.06135651 0.0 0.07327074 2195263.01810534 0.0 -74441.98207637 
0.06144500 0.0 0.07576364 2195017.55938317 0.0 -81358.72022080 
0.06154126 0.0 0.07825638 2194755.49332568 0.0 -88145.62878084 
0.06164495 0.0 0.08074289 2194477.35970309 0.0 -94817.95772397 
0.06176252 0.0 0.08337379 2194188.86526370 0.0 -101274.63112353 
0.06188075 0.0 0.08585973 2193900.42461261 0.0 -107341.76373155 
0.06200553 0.0 0.08834556 2193624.52568879 0.0 -112839.56599095 
0.06213634 0.0 0.09083091 2193355.12180994 0.0 -117960.31954229 
0.06228054 0.0 0.09346052 2193109.35440757 0.0 -122444.62816472 
0.06242144 0.0 0.09594512 2192897.58144100 0.0 -126180.52411764 
0.06256611 0.0 0.09843004 2192735.04223054 0.0 -128974.26848262 
0.06271436 0.0 0.10093146 2192631.25226719 0.0 -130726.88681986 
0.06287995 0.0 0.10370060 2192598.12455611 0.0 -131281.34501677 
0.06299392 0.0 0.10585414 2195500.81049314 0.0 -67063.54061909 
0.06302402 0.0 -0.01712209 2274761.56199586 0.0 136410.02930432 
0.06289815 0.0 -0.01500559 2274907.42247068 0.0 133955.51207943 
0.06274573 0.0 -0.01237652 2275147.80638777 0.0 129808.77904663 
0.06260628 0.0 -0.00989168 2275386.81033918 0.0 125549.68483894 
0.06247120 0.0 -0.00740082 2275620.78383967 0.0 121234.92972565 
0.06234088 0.0 -0.00490973 2275848.92046084 0.0 116874.08295205 
0.06221569 0.0 -0.00242417 2276075.32349442 0.0 112378.74268944 
0.06208849 0.0 0.00020630 2276300.10294548 0.0 107729.76078630 
0.06197343 0.0 0.00269236 2276521.62527338 0.0 102942.45815660 
0.06186361 0.0 0.00517896 2276733.57360422 0.0 98143.23640491 
0.06175914 0.0 0.00766549 2276942.49227500 0.0 93170.52592518 
0.06165443 0.0 0.01029688 2277147.43374525 0.0 88019.45816757 
0.06156114 0.0 0.01278393 2277343.33658488 0.0 82796.05872951 
0.06147337 0.0 0.01527682 2277527.26349355 0.0 77572.05729038 
0.06139137 0.0 0.01777006 2277703.51716481 0.0 72211.82675796 
0.06131557 0.0 0.02025756 2277874.80415254 0.0 66590.06409151 
0.06124195 0.0 0.02289010 2278036.67135364 0.0 60801.18417173 
0.06117873 0.0 0.02537802 2278185.39438006 0.0 54946.96408408 
0.06112178 0.0 0.02787181 2278319.19304144 0.0 49086.80726689 
0.06107133 0.0 0.03036584 2278441.34572690 0.0 43045.25654334 
0.06102776 0.0 0.03285414 2278551.62840912 0.0 36746.92780085 
0.06098898 0.0 0.03548750 2278645.59704437 0.0 30366.15054561 
0.06095933 0.0 0.03797600 2278723.00356109 0.0 23860.70137735 
0.06093682 0.0 0.04047042 2278782.45445383 0.0 17273.83287123 
0.06092155 0.0 0.04296481 2278823.28796241 0.0 10596.33280327 
0.06091375 0.0 0.04545353 2278844.93921688 0.0 3688.22915313 
0.06091358 0.0 0.04808706 2278845.35491259 0.0 -3421.75715210 
0.06092120 0.0 0.05057578 2278823.49644488 0.0 -10551.40177385 
0.06093657 0.0 0.05306483 2278779.84498521 0.0 -17614.71310682 
0.06095981 0.0 0.05555330 2278711.33400110 0.0 -24950.27702412 
0.06099295 0.0 0.05818664 2278617.23870158 0.0 -32424.36615657 
0.06103244 0.0 0.06067506 2278498.52991762 0.0 -39903.74909597 
0.06108017 0.0 0.06316919 2278356.79833585 0.0 -47309.19049729 
0.06113601 0.0 0.06566297 2278190.99984869 0.0 -54714.05886132 
0.06119988 0.0 0.06815090 2277997.32196985 0.0 -62258.02058268 
0.06127622 0.0 0.07078332 2277777.96603293 0.0 -69824.04659969 
0.06135651 0.0 0.07327074 2277538.82111251 0.0 -77231.97753580 
0.06144500 0.0 0.07576364 2277284.16289429 0.0 -84407.94666091 
0.06154126 0.0 0.07825638 2277012.27491791 0.0 -91449.22034582 
0.06164495 0.0 0.08074289 2276723.71718352 0.0 -98371.62010834 
0.06176252 0.0 0.08337379 2276424.41032143 0.0 -105070.28181833 
0.06188075 0.0 0.08585973 2276125.15926358 0.0 -111364.80321902 
0.06200553 0.0 0.08834556 2275838.91998176 0.0 -117068.65645816 
0.06213634 0.0 0.09083091 2275559.41917134 0.0 -122381.32965966 
0.06228054 0.0 0.09346052 2275304.44070396 0.0 -127033.70474601 
0.06242144 0.0 0.09594512 2275084.73074272 0.0 -130909.61756113 
0.06256611 0.0 0.09843004 2274916.09975922 0.0 -133808.06808620 
0.06271436 0.0 0.10093146 2274808.41987357 0.0 -135626.37243914 
0.06287995 0.0 0.10370060 2274774.05057594 0.0 -136201.61105872 
0.06299392 0.0 0.10585414 2277785.52567143 0.0 -69577.00101606 
0.06302402 0.0 -0.01712209 2354070.21526890 0.0 141165.91049108 
0.06289815 0.0 -0.01500559 2354221.16111091 0.0 138625.81750353 
0.06274573 0.0 -0.01237652 2354469.92591726 0.0 134334.51027983 
0.06260628 0.0 -0.00989168 2354717.26264597 0.0 129926.92445376 
0.06247120 0.0 -0.00740082 2354959.39353910 0.0 125461.73712685 
0.06234088 0.0 -0.00490973 2355195.48405245 0.0 120948.85117229 
0.06221569 0.0 -0.00242417 2355429.78053736 0.0 116296.78266696 
0.06208849 0.0 0.00020630 2355662.39683420 0.0 111485.71586666 
0.06197343 0.0 0.00269236 2355891.64244958 0.0 106531.50584292 
0.06186361 0.0 0.00517896 2356110.98027432 0.0 101564.96114177 
0.06175914 0.0 0.00766549 2356327.18281111 0.0 96418.87909736 
0.06165443 0.0 0.01029688 2356539.26948386 0.0 91088.22141982 
0.06156114 0.0 0.01278393 2356742.00239774 0.0 85682.71024668 
0.06147337 0.0 0.01527682 2356932.34184462 0.0 80276.57608396 
0.06139137 0.0 0.01777006 2357114.74052973 0.0 74729.46325501 
0.06131557 0.0 0.02025756 2357291.99936987 0.0 68911.70007864 
0.06124195 0.0 0.02289010 2357459.51000629 0.0 62920.99317265 
0.06117873 0.0 0.02537802 2357613.41820162 0.0 56862.66803994 
0.06112178 0.0 0.02787181 2357751.88169989 0.0 50798.19919598 
0.06107133 0.0 0.03036584 2357878.29318993 0.0 44546.01221957 
0.06102776 0.0 0.03285414 2357992.42083383 0.0 38028.09476116 
0.06098898 0.0 0.03548750 2358089.66564801 0.0 31424.85425552 
0.06095933 0.0 0.03797600 2358169.77091201 0.0 24692.59520042 
0.06093682 0.0 0.04047042 2358231.29453638 0.0 17876.07815477 
0.06092155 0.0 0.04296481 2358273.55168893 0.0 10965.76971407 
0.06091375 0.0 0.04545353 2358295.95780574 0.0 3816.81778940 
0.06091358 0.0 0.04808706 2358296.38799451 0.0 -3541.05534849 
0.06092120 0.0 0.05057578 2358273.76744006 0.0 -10919.27218226 
0.06093657 0.0 0.05306483 2358228.59408969 0.0 -18228.84304362 
0.06095981 0.0 0.05555330 2358157.69449748 0.0 -25820.15846692 
0.06099295 0.0 0.05818664 2358060.31860292 0.0 -33554.82873166 
0.06103244 0.0 0.06067506 2357937.47108463 0.0 -41294.97736984 
0.06108017 0.0 0.06316919 2357790.79808786 0.0 -48958.60652772 
0.06113601 0.0 0.06566297 2357619.21910268 0.0 -56621.64266961 
0.06119988 0.0 0.06815090 2357418.78872195 0.0 -64428.62160318 
0.06127622 0.0 0.07078332 2357191.78502790 0.0 -72258.43409525 
0.06135651 0.0 0.07327074 2356944.30241536 0.0 -79924.63958457 
0.06144500 0.0 0.07576364 2356680.76564007 0.0 -87350.79600699 
0.06154126 0.0 0.07825638 2356399.39839799 0.0 -94637.56088650 
0.06164495 0.0 0.08074289 2356100.78021345 0.0 -101801.30735179 
0.06176252 0.0 0.08337379 2355791.03813716 0.0 -108733.51522672 
0.06188075 0.0 0.08585973 2355481.35381071 0.0 -115247.49260189 
0.06200553 0.0 0.08834556 2355185.13491066 0.0 -121150.20840597 
0.06213634 0.0 0.09083091 2354895.88941612 0.0 -126648.10583665 
0.06228054 0.0 0.09346052 2354632.02122632 0.0 -131462.68412214 
0.06242144 0.0 0.09594512 2354404.65116503 0.0 -135473.72908943 
0.06256611 0.0 0.09843004 2354230.14092965 0.0 -138473.23293436 
0.06271436 0.0 0.10093146 2354118.70682779 0.0 -140354.93174230 
0.06287995 0.0 0.10370060 2354083.13925833 0.0 -140950.22582659 
0.06299392 0.0 0.10585414 2357199.60823018 0.0 -72002.77536602 
0.06302402 0.0 -0.01712209 2430792.66760834 0.0 145766.70564551 
0.06289815 0.0 -0.01500559 2430948.53298720 0.0 143143.82746239 
0.06274573 0.0 -0.01237652 2431205.40538773 0.0 138712.66051326 
0.06260628 0.0 -0.00989168 2431460.80316758 0.0 134161.42527891 
0.06247120 0.0 -0.00740082 2431710.82544636 0.0 129550.71122996 
0.06234088 0.0 -0.00490973 2431954.61048090 0.0 124890.74398814 
0.06221569 0.0 -0.00242417 2432196.54301709 0.0 120087.05804087 
0.06208849 0.0 0.00020630 2432436.74060553 0.0 115119.19182105 
0.06197343 0.0 0.00269236 2432673.45765728 0.0 110003.51713922 
0.06186361 0.0 0.00517896 2432899.94400957 0.0 104875.10577552 
0.06175914 0.0 0.00766549 2433123.19289049 0.0 99561.30569457 
0.06165443 0.0 0.01029688 2433342.19176557 0.0 94056.91440155 
0.06156114 0.0 0.01278393 2433551.53202966 0.0 88475.23003245 
0.06147337 0.0 0.01527682 2433748.07490626 0.0 82892.90236965 
0.06139137 0.0 0.01777006 2433936.41822053 0.0 77165.00134803 
0.06131557 0.0 0.02025756 2434119.45417505 0.0 71157.62910430 
0.06124195 0.0 0.02289010 2434292.42421822 0.0 64971.67665207 
0.06117873 0.0 0.02537802 2434451.34849765 0.0 58715.90220020 
0.06112178 0.0 0.02787181 2434594.32471567 0.0 52453.78380491 
0.06107133 0.0 0.03036584 2434724.85613360 0.0 45997.82927977 
0.06102776 0.0 0.03285414 2434842.70335759 0.0 39267.48374325 
0.06098898 0.0 0.03548750 2434943.11751675 0.0 32449.03436165 
0.06095933 0.0 0.03797600 2435025.83352373 0.0 25497.36153496 
0.06093682 0.0 0.04047042 2435089.36228938 0.0 18458.68463156 
0.06092155 0.0 0.04296481 2435132.99666183 0.0 11323.15953991 
0.06091375 0.0 0.04545353 2435156.13302544 0.0 3941.21323820 
0.06091358 0.0 0.04808706 2435156.57723467 0.0 -3656.46331230 
0.06092120 0.0 0.05057578 2435133.21944460 0.0 -11275.14658827 
0.06093657 0.0 0.05306483 2435086.57383133 0.0 -18822.94662326 
0.06095981 0.0 0.05555330 2435013.36352191 0.0 -26661.67367090 
0.06099295 0.0 0.05818664 2434912.81401028 0.0 -34648.42769546 
0.06103244 0.0 0.06067506 2434785.96271893 0.0 -42640.83864133 
0.06108017 0.0 0.06316919 2434634.50944335 0.0 -50554.23622966 
0.06113601 0.0 0.06566297 2434457.33845822 0.0 -58467.02147477 
0.06119988 0.0 0.06815090 2434250.37577007 0.0 -66528.44080916 
0.06127622 0.0 0.07078332 2434015.97370703 0.0 -74613.43787977 
0.06135651 0.0 0.07327074 2433760.42528879 0.0 -82529.49576579 
0.06144500 0.0 0.07576364 2433488.29948011 0.0 -90197.68104890 
0.06154126 0.0 0.07825638 2433197.76208470 0.0 -97721.93182308 
0.06164495 0.0 0.08074289 2432889.41151440 0.0 -105119.15484025 
0.06176252 0.0 0.08337379 2432569.57450912 0.0 -112277.29309944 
0.06188075 0.0 0.08585973 2432249.79713581 0.0 -119003.57013987 
0.06200553 0.0 0.08834556 2431943.92404605 0.0 -125098.66373668 
0.06213634 0.0 0.09083091 2431645.25163488 0.0 -130775.74536113 
0.06228054 0.0 0.09346052 2431372.78361043 0.0 -135747.23751038 
0.06242144 0.0 0.09594512 2431138.00323972 0.0 -139889.00806280 
0.06256611 0.0 0.09843004 2430957.80547083 0.0 -142986.26994795 
0.06271436 0.0 0.10093146 2430842.73957519 0.0 -144929.29596107 
0.06287995 0.0 0.10370060 2430806.01280873 0.0 -145543.99151509 
0.06299392 0.0 0.10585414 2434024.05187845 0.0 -74349.44687373 
0.06302402 0.0 -0.01712209 2505166.54284316 0.0 150226.66429338 
0.06289815 0.0 -0.01500559 2505327.17716526 0.0 147523.53508048 
0.06274573 0.0 -0.01237652 2505591.90897565 0.0 142956.78969958 
0.06260628 0.0 -0.00989168 2505855.12104705 0.0 138266.30235789 
0.06247120 0.0 -0.00740082 2506112.79314559 0.0 133514.51635492 
0.06234088 0.0 -0.00490973 2506364.03716171 0.0 128711.97018120 
0.06221569 0.0 -0.00242417 2506613.37199943 0.0 123761.30800512 
0.06208849 0.0 0.00020630 2506860.91880597 0.0 118641.44220617 
0.06197343 0.0 0.00269236 2507104.87858339 0.0 113369.24551586 
0.06186361 0.0 0.00517896 2507338.29463723 0.0 108083.92244513 
0.06175914 0.0 0.00766549 2507568.37416423 0.0 102607.53840155 
0.06165443 0.0 0.01029688 2507794.07364987 0.0 96934.73171188 
0.06156114 0.0 0.01278393 2508009.81900432 0.0 91182.26704448 
0.06147337 0.0 0.01527682 2508212.37541535 0.0 85429.13940082 
0.06139137 0.0 0.01777006 2508406.48138570 0.0 79525.98435543 
0.06131557 0.0 0.02025756 2508595.11760940 0.0 73334.80723205 
0.06124195 0.0 0.02289010 2508773.37993956 0.0 66959.58596145 
0.06117873 0.0 0.02537802 2508937.16675403 0.0 60512.40637875 
0.06112178 0.0 0.02787181 2509084.51755140 0.0 54058.68874983 
0.06107133 0.0 0.03036584 2509219.04278069 0.0 47405.20427375 
0.06102776 0.0 0.03285414 2509340.49572344 0.0 40468.93336733 
0.06098898 0.0 0.03548750 2509443.98220969 0.0 33441.86294191 
0.06095933 0.0 0.03797600 2509529.22904132 0.0 26277.49289330 
0.06093682 0.0 0.04047042 2509594.70156817 0.0 19023.45674318 
0.06092155 0.0 0.04296481 2509639.67100199 0.0 11669.60918414 
0.06091375 0.0 0.04545353 2509663.51525856 0.0 4061.80077557 
0.06091358 0.0 0.04808706 2509663.97305905 0.0 -3768.33848364 
0.06092120 0.0 0.05057578 2509639.90060114 0.0 -11620.12720171 
0.06093657 0.0 0.05306483 2509591.82779292 0.0 -19398.86389599 
0.06095981 0.0 0.05555330 2509516.37750043 0.0 -27477.42896652 
0.06099295 0.0 0.05818664 2509412.75152039 0.0 -35708.55012912 
0.06103244 0.0 0.06067506 2509282.01901687 0.0 -43945.50129532 
0.06108017 0.0 0.06316919 2509125.93179320 0.0 -52101.02156764 
0.06113601 0.0 0.06566297 2508943.33998674 0.0 -60255.91076115 
0.06119988 0.0 0.06815090 2508730.04495385 0.0 -68563.98173465 
0.06127622 0.0 0.07078332 2508488.47099581 0.0 -76896.35184182 
0.06135651 0.0 0.07327074 2508225.10367700 0.0 -85054.61380777 
0.06144500 0.0 0.07576364 2507944.65175676 0.0 -92957.41912373 
0.06154126 0.0 0.07825638 2507645.22491870 0.0 -100711.88603101 
0.06164495 0.0 0.08074289 2507327.43988402 0.0 -108335.43856986 
0.06176252 0.0 0.08337379 2506997.81696904 0.0 -115712.59118140 
0.06188075 0.0 0.08585973 2506668.25551057 0.0 -122644.66910977 
0.06200553 0.0 0.08834556 2506353.02375880 0.0 -128926.25155722 
0.06213634 0.0 0.09083091 2506045.21300155 0.0 -134777.03230709 
0.06228054 0.0 0.09346052 2505764.40839491 0.0 -139900.63497640 
0.06242144 0.0 0.09594512 2505522.44455428 0.0 -144169.12942857 
0.06256611 0.0 0.09843004 2505336.73335492 0.0 -147361.15684930 
0.06271436 0.0 0.10093146 2505218.14683957 0.0 -149363.63275965 
0.06287995 0.0 0.10370060 2505180.29636067 0.0 -149997.13587839 
0.06299392 0.0 0.10585414 2508496.79633142 0.0 -76624.28362113 
0.06302402 0.0 -0.01712209 2577395.16214783 0.0 154557.97894216 
0.06289815 0.0 -0.01500559 2577560.42785674 0.0 151776.91347731 
0.06274573 0.0 -0.01237652 2577832.79237851 0.0 147078.50031788 
0.06260628 0.0 -0.00989168 2578103.59334437 0.0 142252.77748634 
0.06247120 0.0 -0.00740082 2578368.69460963 0.0 137363.98863891 
0.06234088 0.0 -0.00490973 2578627.18245888 0.0 132422.97611042 
0.06221569 0.0 -0.00242417 2578883.70608455 0.0 127329.57711924 
0.06208849 0.0 0.00020630 2579138.39012678 0.0 122062.09604946 
0.06197343 0.0 0.00269236 2579389.38371915 0.0 116637.89210489 
0.06186361 0.0 0.00517896 2579629.52959275 0.0 111200.18332190 
0.06175914 0.0 0.00766549 2579866.24274122 0.0 105565.90492219 
0.06165443 0.0 0.01029688 2580098.44956358 0.0 99729.54064553 
0.06156114 0.0 0.01278393 2580320.41525860 0.0 93811.22170321 
0.06147337 0.0 0.01527682 2580528.81174837 0.0 87892.22066978 
0.06139137 0.0 0.01777006 2580728.51415552 0.0 81818.86666510 
0.06131557 0.0 0.02025756 2580922.58911304 0.0 75449.18636922 
0.06124195 0.0 0.02289010 2581105.99107833 0.0 68890.15559046 
0.06117873 0.0 0.02537802 2581274.50017185 0.0 62257.09180736 
0.06112178 0.0 0.02787181 2581426.09936726 0.0 55617.30147399 
0.06107133 0.0 0.03036584 2581564.50320958 0.0 48771.98464303 
0.06102776 0.0 0.03285414 2581689.45786698 0.0 41635.72812203 
0.06098898 0.0 0.03548750 2581795.92806145 0.0 34406.05416272 
0.06095933 0.0 0.03797600 2581883.63271807 0.0 27035.12197624 
0.06093682 0.0 0.04047042 2581950.99293986 0.0 19571.93844747 
0.06092155 0.0 0.04296481 2581997.25892625 0.0 12006.06576089 
0.06091375 0.0 0.04545353 2582021.79065717 0.0 4178.91006028 
0.06091358 0.0 0.04808706 2582022.26165691 0.0 -3876.98670367 
0.06092120 0.0 0.05057578 2581997.49514517 0.0 -11955.15712071 
0.06093657 0.0 0.05306483 2581948.03630832 0.0 -19958.16928800 
0.06095981 0.0 0.05555330 2581870.41064331 0.0 -28269.65444229 
0.06099295 0.0 0.05818664 2581763.79693319 0.0 -36738.09416505 
0.06103244 0.0 0.06067506 2581629.29516799 0.0 -45212.53198128 
0.06108017 0.0 0.06316919 2581468.70765882 0.0 -53603.19109922 
0.06113601 0.0 0.06566297 2581280.85139036 0.0 -61993.20094318 
0.06119988 0.0 0.06815090 2581061.40666425 0.0 -70540.80908327 
0.06127622 0.0 0.07078332 2580812.86767887 0.0 -79113.41694632 
0.06135651 0.0 0.07327074 2580541.90698952 0.0 -87506.89680603 
0.06144500 0.0 0.07576364 2580253.36911786 0.0 -95637.55472454 
0.06154126 0.0 0.07825638 2579945.30924613 0.0 -103615.59736164 
0.06164495 0.0 0.08074289 2579618.36187678 0.0 -111458.95112515 
0.06176252 0.0 0.08337379 2579279.23531898 0.0 -119048.80079232 
0.06188075 0.0 0.08585973 2578940.17198959 0.0 -126180.74344391 
0.06200553 0.0 0.08834556 2578615.85151904 0.0 -132643.43561778 
0.06213634 0.0 0.09083091 2578299.16600411 0.0 -138662.90527842 
0.06228054 0.0 0.09346052 2578010.26527744 0.0 -143934.23095949 
0.06242144 0.0 0.09594512 2577761.32516844 0.0 -148325.79406020 
0.06256611 0.0 0.09843004 2577570.25956916 0.0 -151609.85357917 
0.06271436 0.0 0.10093146 2577448.25398362 0.0 -153670.06460123 
0.06287995 0.0 0.10370060 2577409.31220488 0.0 -154321.83279529 
0.06299392 0.0 0.10585414 2580821.43304942 0.0 -78833.50449188 
0.06302402 0.0 -0.01712209 2647654.10058515 0.0 158771.17825555 
0.06289815 0.0 -0.01500559 2647823.87138254 0.0 155914.30186727 
0.06274573 0.0 -0.01237652 2648103.66047096 0.0 151087.81152131 
0.06260628 0.0 -0.00989168 2648381.84338146 0.0 146130.54108376 
0.06247120 0.0 -0.00740082 2648654.17121940 0.0 141108.48547161 
0.06234088 0.0 -0.00490973 2648919.70536180 0.0 136032.78257815 
0.06221569 0.0 -0.00242417 2649183.22173654 0.0 130800.53921750 
0.06208849 0.0 0.00020630 2649444.84838141 0.0 125389.46835846 
0.06197343 0.0 0.00269236 2649702.68397598 0.0 119817.40241096 
0.06186361 0.0 0.00517896 2649949.37614655 0.0 114231.46348761 
0.06175914 0.0 0.00766549 2650192.54201704 0.0 108443.59652492 
0.06165443 0.0 0.01029688 2650431.07872046 0.0 102448.13489119 
0.06156114 0.0 0.01278393 2650659.09512681 0.0 96368.48453476 
0.06147337 0.0 0.01527682 2650873.17243587 0.0 90288.13349365 
0.06139137 0.0 0.01777006 2651078.31866450 0.0 84049.22187040 
0.06131557 0.0 0.02025756 2651277.68404108 0.0 77505.90619943 
0.06124195 0.0 0.02289010 2651466.08548320 0.0 70768.07841411 
0.06117873 0.0 0.02537802 2651639.18807879 0.0 63954.19950928 
0.06112178 0.0 0.02787181 2651794.91981806 0.0 57133.41069065 
0.06107133 0.0 0.03036584 2651937.09650327 0.0 50101.49279018 
0.06102776 0.0 0.03285414 2652065.45738324 0.0 42770.70428009 
0.06098898 0.0 0.03548750 2652174.82991995 0.0 35343.95180325 
0.06095933 0.0 0.03797600 2652264.92537646 0.0 27772.09044676 
0.06093682 0.0 0.04047042 2652334.12181559 0.0 20105.46300695 
0.06092155 0.0 0.04296481 2652381.64899745 0.0 12333.34713689 
0.06091375 0.0 0.04545353 2652406.84945522 0.0 4292.82576439 
0.06091358 0.0 0.04808706 2652407.33329425 0.0 -3982.67207708 
0.06092120 0.0 0.05057578 2652381.89165562 0.0 -12281.05074404 
0.06093657 0.0 0.05306483 2652331.08458726 0.0 -20502.22237226 
0.06095981 0.0 0.05555330 2652251.34287232 0.0 -29040.27585893 
0.06099295 0.0 0.05818664 2652141.82290777 0.0 -37739.56244363 
0.06103244 0.0 0.06067506 2652003.65466901 0.0 -46445.01062783 
0.06108017 0.0 0.06316919 2651838.68959753 0.0 -55064.39633418 
0.06113601 0.0 0.06566297 2651645.71242941 0.0 -63683.11506755 
0.06119988 0.0 0.06815090 2651420.28571275 0.0 -72463.72817440 
0.06127622 0.0 0.07078332 2651164.97163695 0.0 -81270.02248839 
0.06135651 0.0 0.07327074 2650886.62464896 0.0 -89892.30582899 
0.06144500 0.0 0.07576364 2650590.22133048 0.0 -98244.60278933 
0.06154126 0.0 0.07825638 2650273.76384869 0.0 -106440.12422625 
0.06164495 0.0 0.08074289 2649937.90400234 0.0 -114497.28521548 
0.06176252 0.0 0.08337379 2649589.53296690 0.0 -122294.03167067 
0.06188075 0.0 0.08585973 2649241.22688345 0.0 -129620.38871670 
0.06200553 0.0 0.08834556 2648908.06554430 0.0 -136259.25173867 
0.06213634 0.0 0.09083091 2648582.74728712 0.0 -142442.81014849 
0.06228054 0.0 0.09346052 2648285.97122233 0.0 -147857.83042166 
0.06242144 0.0 0.09594512 2648030.24508842 0.0 -152369.10607793 
0.06256611 0.0 0.09843004 2647833.97110419 0.0 -155742.68797164 
0.06271436 0.0 0.10093146 2647708.63968679 0.0 -157859.05966378 
0.06287995 0.0 0.10370060 2647668.63636807 0.0 -158528.59484293 
0.06299392 0.0 0.10585414 2651173.77049667 0.0 -80982.47971316 
